{
 "cells": [
  {
   "cell_type": "code",
   "execution_count": null,
   "id": "52f3e7cc",
   "metadata": {},
   "outputs": [
    {
     "name": "stdout",
     "output_type": "stream",
     "text": [
      "[[-8.71287584e-02  9.84323025e-01  1.53353125e-01  3.28279704e-01]\n",
      " [ 9.96197224e-01  8.60944390e-02  1.33833885e-02  7.23816380e-02]\n",
      " [-2.92882323e-05  1.53936014e-01 -9.88081098e-01  1.57285190e+00]\n",
      " [ 0.00000000e+00  0.00000000e+00  0.00000000e+00  1.00000000e+00]]\n",
      "[[ 9.96197224e-01  8.60944390e-02  1.33833885e-02  7.23816380e-02]\n",
      " [ 8.71287584e-02 -9.84323025e-01 -1.53353125e-01 -3.28279704e-01]\n",
      " [-2.92882323e-05  1.53936014e-01 -9.88081098e-01  1.57285190e+00]\n",
      " [ 0.00000000e+00  0.00000000e+00  0.00000000e+00  1.00000000e+00]]\n"
     ]
    },
    {
     "ename": "AttributeError",
     "evalue": "module 'scipy.spatial.transform' has no attribute 'from_euler'",
     "output_type": "error",
     "traceback": [
      "\u001b[0;31m---------------------------------------------------------------------------\u001b[0m",
      "\u001b[0;31mAttributeError\u001b[0m                            Traceback (most recent call last)",
      "Cell \u001b[0;32mIn[30], line 58\u001b[0m\n\u001b[1;32m     55\u001b[0m z_euler_left \u001b[38;5;241m=\u001b[39m \u001b[38;5;241m0\u001b[39m\n\u001b[1;32m     57\u001b[0m rot_euler_left \u001b[38;5;241m=\u001b[39m np\u001b[38;5;241m.\u001b[39marray([x_euler_left, y_euler_left, z_euler_left])\n\u001b[0;32m---> 58\u001b[0m rot_left \u001b[38;5;241m=\u001b[39m \u001b[43mscir\u001b[49m\u001b[38;5;241;43m.\u001b[39;49m\u001b[43mfrom_euler\u001b[49m(\u001b[38;5;124m'\u001b[39m\u001b[38;5;124mxyz\u001b[39m\u001b[38;5;124m'\u001b[39m, rot_euler_left, degrees\u001b[38;5;241m=\u001b[39m\u001b[38;5;28;01mTrue\u001b[39;00m)\u001b[38;5;241m.\u001b[39mas_matrix()\n\u001b[1;32m     59\u001b[0m transformation_left[:\u001b[38;5;241m3\u001b[39m,:\u001b[38;5;241m3\u001b[39m] \u001b[38;5;241m=\u001b[39m rot_left  \n\u001b[1;32m     61\u001b[0m transformation_left \u001b[38;5;241m=\u001b[39m np\u001b[38;5;241m.\u001b[39mmatmul(transformation_left, pre_conversion)\n",
      "\u001b[0;31mAttributeError\u001b[0m: module 'scipy.spatial.transform' has no attribute 'from_euler'"
     ]
    }
   ],
   "source": [
    "import numpy as np\n",
    "from scipy.spatial.transform import Rotation as scir\n",
    "\n",
    "camera_pose = np.array([\n",
    "        [\n",
    "            -0.08712875843048096,\n",
    "            0.9843230247497559,\n",
    "            0.15335312485694885,\n",
    "            0.3282797038555145\n",
    "        ],\n",
    "        [\n",
    "            0.9961972236633301,\n",
    "            0.0860944390296936,\n",
    "            0.01338338851928711,\n",
    "            0.0723816379904747\n",
    "        ],\n",
    "        [\n",
    "            -2.928823232650757e-05,\n",
    "            0.1539360135793686,\n",
    "            -0.9880810976028442,\n",
    "            1.5728518962860107\n",
    "        ],\n",
    "        [\n",
    "            0.0,\n",
    "            0.0,\n",
    "            0.0,\n",
    "            1.0\n",
    "        ]\n",
    "    ])\n",
    "\n",
    "print(camera_pose)\n",
    "\n",
    "C = np.array([\n",
    "    [0,  1, 0, 0],\n",
    "    [-1, 0, 0, 0],\n",
    "    [0,  0, 1, 0],\n",
    "    [0,  0, 0, 1],\n",
    "        ], dtype=float)\n",
    "camera_pose = C @ camera_pose \n",
    "print(camera_pose)\n",
    "\n",
    "delta_x_left = 1\n",
    "delta_y_left = 0\n",
    "delta_z_left = 0\n",
    "\n",
    "translation_left = np.array([delta_x_left, delta_y_left, delta_z_left])\n",
    "magnitude_left = np.linalg.norm(translation_left) # 记录magnitude如果有其他地方用到\n",
    "\n",
    "transformation_left = np.eye(4)\n",
    "transformation_left[:3, 3] = translation_left\n",
    "\n",
    "\n",
    "x_euler_left = 0\n",
    "y_euler_left = 0\n",
    "z_euler_left = 0\n",
    "\n",
    "rot_euler_left = np.array([x_euler_left, y_euler_left, z_euler_left])\n",
    "rot_left = scir.from_euler('xyz', rot_euler_left, degrees=True).as_matrix()\n",
    "transformation_left[:3,:3] = rot_left  \n",
    "                    \n",
    "transformation_left = np.matmul(transformation_left, pre_conversion)\n",
    "\n",
    "\n",
    "\n",
    "\n",
    "local_transform = np.linalg.inv(camera_pose) @ world_transform @ camera_pose\n",
    "local_delta_xyz = local_transform[:3, 3]\n",
    "local_euler_xyz = scir.from_matrix(local_transform[:3, :3]).as_euler('xyz', degrees=True)\n",
    "\n",
    "print(local_delta_xyz)\n",
    "print(local_euler_xyz)"
   ]
  },
  {
   "cell_type": "code",
   "execution_count": 19,
   "id": "4f7d99cb",
   "metadata": {},
   "outputs": [
    {
     "name": "stdout",
     "output_type": "stream",
     "text": [
      "[[-110.85124795    0.           64.        ]\n",
      " [   0.         -110.85124795   64.        ]\n",
      " [   0.            0.            1.        ]]\n"
     ]
    }
   ],
   "source": [
    "import pickle\n",
    "\n",
    "path = \"/home/zsh/dcoda/RLBench/tools/data/rlbench_data/coordinated_lift_ball/all_variations/episodes/episode2/low_dim_obs.pkl\"\n",
    "\n",
    "with open(path, \"rb\") as f:\n",
    "    data = pickle.load(f)\n",
    "\n",
    "print(data[0].misc['wrist_left_camera_intrinsics'])"
   ]
  }
 ],
 "metadata": {
  "kernelspec": {
   "display_name": "rlbench_py39",
   "language": "python",
   "name": "python3"
  },
  "language_info": {
   "codemirror_mode": {
    "name": "ipython",
    "version": 3
   },
   "file_extension": ".py",
   "mimetype": "text/x-python",
   "name": "python",
   "nbconvert_exporter": "python",
   "pygments_lexer": "ipython3",
   "version": "3.9.25"
  }
 },
 "nbformat": 4,
 "nbformat_minor": 5
}
